Dimension = 3
Number of clusters = 100
Number of points = 15000000
Size of each dimension = 1000
KMeans: Calling MapReduce Scheduler
KMeans: MapReduce Completed


Final means:
  695   310   289 
  390    92   436 
  439   243   699 
  683   104   110 
  886   293   886 
   91   301   332 
  700   544   293 
  895   471   702 
  906   675   111 
  577   898   479 
  309   610   703 
  901   286   398 
  265   866   707 
   90   289   592 
  457   477   291 
  390   723   503 
   90   634   296 
  294   421   897 
  262   684   904 
  908   468   254 
  470   741   883 
  540   542   482 
   84    99   263 
  686   417   895 
  896    95   100 
  533   703   299 
  303    95   652 
  893   503   478 
  115   885   337 
  616   903   892 
  888   512   906 
  906    92   861 
  607   301    92 
  286   281   464 
  100   318   875 
  294   904   482 
  124   699   512 
  698   699   482 
  131   704    97 
  886   693   344 
  812   479    81 
  310   507   493 
  100   101   904 
  289   689   297 
  866   898   903 
   92   488   116 
  705   566   693 
  485   453   683 
  103   883   889 
  704   869   683 
  566   901   100 
  551   507    98 
  247   419   276 
  297   136   891 
  265   343   695 
  102   497   683 
  454   264   274 
  732    94   708 
  712   131   478 
  864   896   480 
  534   694   674 
   93   566   904 
   88   906   600 
  693   681   894 
  906   893   269 
  894   270   645 
  414   900   297 
  690   883   288 
  514   304   483 
   94   717   737 
  901   705   854 
  895   691   605 
  908    88   562 
  906   896   693 
  873    99   309 
  500    84   862 
  304   894   110 
  685   705   108 
  493   296   903 
  470   904   680 
  283   119   260 
  586    92   309 
  109   286   104 
  101   109   703 
  697   135   911 
   95   899   116 
  306   530    97 
  344   305    92 
  489   536   892 
  668   300   708 
  350   908   901 
  850   897    85 
  122    97   473 
  538    93   602 
  423   710    97 
  436    96   100 
   97   478   453 
  152    93    79 
  885   289   116 
  713   397   510 
